-13616 
-14214 
-14246 
-14152 
-13982 
-13238 
-13140 
-13561 
-13925 
-14300 
-14416 
-14005 
-13718 
-13141 
-12842 
-13110 
-14888 
-13824 
-13147 
-13033 
-12484 
-13236 
-14558 
-14157 
-12379 
-11412 
-10650 
-10930 
-12353 
-13147 
-13290 
-11988 
-11884 
-13268 
-15505 
-14468 
-13437 
-13301 
-14226 
-13995 
-13751 
-13476 
-13359 
-12876 
-13602 
-17394 
-13461 
-14427 
-14451 
-17441 
-18024 
-18722 
-15945 
-16039 
-16440 
-16394 
-15949 
-17584 
-17813 
-17077 
-16064 
-14516 
-16788 
-18184 
-17083 
-17656 
-19002 
-19349 
-18612 
-16901 
-16412 
-14818 
-14621 
-14712 
-15411 
-14441 
-13780 
-13417 
-12072 
-12132 
-12392 
-13289 
-12525 
-11818 
-11953 
-11251 
-11129 
-11184 
-12069 
-12128 
-12217 
-12169 
-11828 
-12234 
-12150 
-12185 
-13268 
-12971 
-12639 
-12737 
-12451 
-12897 
-12964 
-13573 
-12821 
-13597 
-13691 
-13344 
-13461 
-13755 
-14713 
-16001 
-15550 
-13915 
-14626 
-15598 
-17253 
-17940 
-17726 
-17477 
-16907 
-17670 
-18358 
-18144 
-17621 
-16945 
-16483 
-15949 
-16176 
-16859 
-17537 
-17881 
-17729 
-18273 
-18745 
-19653 
-19448 
-19021 
-18650 
-18145 
-17742 
-17076 
-16644 
-16491 
-15552 
-14986 
-14531 
-14141 
-14384 
-14691 
-13712 
-12969 
-12144 
-12035 
-12566 
-12316 
-11868 
-11610 
-10818 
-10353 
-11009 
-10436 
-10209 
-10394 
-10461 
-10621 
-10922 
-11189 
-11245 
-11432 
-11643 
-12225 
-12331 
-13078 
-13732 
-13966 
-14384 
-14484 
-14796 
-15032 
-14952 
-15292 
-16328 
-16531 
-16353 
-16038 
-16178 
-16883 
-17140 
-16720 
-16213 
-16098 
-16431 
-17217 
-17139 
-16165 
-15689 
-16037 
-16308 
-16544 
-17228 
-17824 
-18205 
-18355 
-18111 
-18366 
-18447 
-18781 
-18740 
-18129 
-17400 
-17135 
-16685 
-16347 
-16291 
-15898 
-15433 
-15105 
-14389 
-13833 
-14067 
-13974 
-13749 
-13875 
-13502 
-13483 
-13094 
-13156 
-13400 
-12776 
-11957 
-11651 
-11614 
-11501 
-10971 
-10491 
-10396 
-10260 
-10016 
-9784 
-9869 
-10542 
-11252 
-12128 
-12022 
-12547 
-12785 
-13538 
-13768 
-14035 
-14531 
-15689 
-15957 
-15691 
-15446 
-15600 
-15909 
-16681 
-16796 
-16039 
-16521 
-17048 
-17706 
-17661 
-17480 
-17011 
-17241 
-16728 
-16908 
-16726 
-17475 
-17601 
-17350 
-17780 
-18057 
-18257 
-18392 
-18282 
-17791 
-17411 
-17572 
-17593 
-17244 
-16831 
-16391 
-15237 
-14117 
-14698 
-15196 
-15069 
-14785 
-13884 
-13949 
-13590 
-13757 
-13749 
-13600 
-13073 
-12568 
-12118 
-12300 
-11588 
-11525 
-11228 
-10964 
-10893 
-10333 
-10326 
-10716 
-10532 
-10776 
-11177 
-11227 
-11385 
-12052 
-12509 
-11957 
-13181 
-13759 
-14692 
-15486 
-14944 
-14984 
-16241 
-16581 
-16484 
-16681 
-15898 
-16033 
-17209 
-16894 
-16160 
-15661 
-16513 
-17088 
-17592 
-17281 
-17409 
-18184 
-18620 
-18337 
-18386 
-18564 
-18372 
-18666 
-18297 
-17824 
-17570 
-17528 
-17314 
-16801 
-16552 
-16479 
-16210 
-15661 
-15075 
-14995 
-14606 
-14691 
-14442 
-13788 
-13751 
-13542 
-13736 
-13272 
-12696 
-12427 
-12328 
-12140 
-12069 
-11768 
-11249 
-11452 
-10745 
-10589 
-10194 
-10225 
-10371 
-10544 
-10740 
-10821 
-11003 
-11569 
-12665 
-13472 
-13544 
-13332 
-12884 
-14175 
-15117 
-15261 
-15075 
-14841 
-14400 
-14851 
-16117 
-15964 
-15732 
-15928 
-16026 
-16174 
-17054 
-17301 
-17424 
-17987 
-17759 
-17982 
-17913 
-17914 
-18474 
-18589 
-18793 
-18108 
-18351 
-18294 
-17873 
-17672 
-17700 
-17510 
-17253 
-16768 
-16287 
-15642 
-15535 
-14717 
-14085 
-14043 
-14691 
-14152 
-14255 
-13429 
-12920 
-13123 
-12803 
-12493 
-12451 
-12061 
-11876 
-11260 
-11700 
-11297 
-11288 
-11119 
-10968 
-10713 
-10680 
-11057 
-11339 
-11328 
-12185 
-11531 
-11936 
-12983 
-13802 
-14148 
-14197 
-13291 
-14063 
-14582 
-15031 
-16062 
-16577 
-15985 
-15466 
-15908 
-16349 
-17140 
-17500 
-16684 
-16415 
-16717 
-17988 
-18556 
-17953 
-17716 
-18227 
-18338 
-18609 
-18100 
-17936 
-17876 
-18101 
-18468 
-18076 
-17523 
-16918 
-16698 
-15949 
-15734 
-15704 
-15344 
-15107 
-14842 
-14705 
-14534 
-13856 
-13924 
-13562 
-13721 
-13254 
-12540 
-12084 
-12020 
-12221 
-12234 
-11743 
-11245 
-11377 
-11231 
-11044 
-10938 
-10769 
-10755 
-10648 
-10627 
-10954 
-11581 
-11791 
-12025 
-12824 
-12536 
-13443 
-13988 
-14441 
-15446 
-15484 
-14966 
-14754 
-15375 
-15861 
-16464 
-16357 
-16810 
-17220 
-16952 
-17241 
-17612 
-18249 
-17923 
-17916 
-18076 
-17917 
-17783 
-18244 
-18858 
-18856 
-18760 
-18508 
-18192 
-18090 
-17737 
-17160 
-16299 
-15918 
-16019 
-15762 
-15762 
-15172 
-14949 
-14454 
-14416 
-14162 
-13993 
-14060 
-13524 
-12950 
-12302 
-11833 
-11776 
-12086 
-11860 
-11208 
-10632 
-10080 
-10210 
-10505 
-10356 
-10083 
-9637 
-9538 
-10721 
-11523 
-12017 
-11792 
-11697 
-12186 
-13425 
-14601 
-16057 
-16508 
-16485 
-14776 
-15562 
-16789 
-17620 
-17415 
-16985 
-16867 
-17155 
-17827 
-18285 
-18127 
-17706 
-17526 
-17897 
-18140 
-18040 
-17869 
-17953 
-18062 
-18058 
-18249 
-18452 
-18230 
-17749 
-17107 
-17070 
-16874 
-16944 
-16096 
-15853 
-15133 
-14942 
-15199 
-14704 
-14638 
-14570 
-13420 
-13298 
-13134 
-12751 
-12339 
-12280 
-12145 
-12147 
-12026 
-11475 
-11485 
-11169 
-11363 
-11118 
-10658 
-10602 
-10179 
-10510 
-10712 
-11284 
-11300 
-11453 
-11792 
-12564 
-13257 
-13566 
-14168 
-14403 
-14642 
-14862 
-15455 
-15027 
-14974 
-15992 
-16420 
-16785 
-17109 
-17302 
-18185 
-18965 
-18558 
-18418 
-18218 
-17914 
-18000 
-18565 
-18420 
-17869 
-18180 
-18373 
-19180 
-18863 
-18427 
-17768 
-17172 
-16870 
-16664 
-16207 
-15441 
-15237 
-15067 
-14902 
-14244 
-14624 
-14166 
-13470 
-13214 
-13401 
-12467 
-11957 
-11695 
-11265 
-10972 
-10393 
-10649 
-9902 
-9814 
-9293 
-9760 
-10068 
-10514 
-10405 
-10932 
-11267 
-12106 
-12647 
-13021 
-13188 
-14417 
-14665 
-15172 
-14901 
-14585 
-15197 
-15853 
-16688 
-16262 
-16289 
-16255 
-16580 
-16804 
-17376 
-17430 
-17641 
-17075 
-17273 
-17625 
-18418 
-18828 
-19143 
-19213 
-19356 
-18849 
-18533 
-18830 
-18337 
-18192 
-17686 
-16870 
-16479 
-15995 
-15608 
-15695 
-15339 
-14934 
-14253 
-13325 
-13491 
-13359 
-13144 
-12901 
-12437 
-11900 
-11684 
-11339 
-10913 
-10852 
-10777 
-10019 
-10426 
-9611 
-10210 
-11007 
-11965 
-11893 
-12601 
-12460 
-13238 
-13040 
-13558 
-13272 
-14198 
-14716 
-14541 
-14626 
-15168 
-15626 
-15594 
-16371 
-16907 
-16401 
-15308 
-15994 
-17032 
-18170 
-17048 
-16257 
-16601 
-17406 
-17908 
-18187 
-18020 
-17982 
-18362 
-18617 
-18430 
-18296 
-18467 
-18421 
-17927 
-17499 
-16589 
-16425 
-15566 
-15325 
-15087 
-14914 
-14701 
-14360 
-14275 
-13985 
-12531 
-12420 
-12808 
-12954 
-13040 
-12080 
-11312 
-11024 
-11465 
-11904 
-11176 
-10404 
-10794 
-11453 
-11763 
-11951 
-11294 
-11014 
-11549 
-12013 
-12417 
-11999 
-11965 
-12753 
-14602 
-14838 
-14500 
-14184 
-14437 
-15136 
-15742 
-15678 
-15845 
-15488 
-15332 
-15602 
-15950 
-17025 
-17948 
-18232 
-18588 
-18065 
-18888 
-19257 
-19120 
-18633 
-17976 
-18082 
-18341 
-17425 
-17439 
-17119 
-17189 
-17892 
-17061 
-16353 
-16015 
-16052 
-16190 
-15942 
-14985 
-14383 
-13516 
-13683 
-13334 
-13440 
-13558 
-13596 
-12784 
-12192 
-11805 
-11882 
-11352 
-11129 
-10764 
-10780 
-10424 
-10716 
-10385 
-10189 
-10362 
-11377 
-11796 
-12405 
-12163 
-12294 
-12938 
-13569 
-14095 
-14517 
-15186 
-14980 
-15146 
-15909 
-16322 
-16082 
-16550 
-16508 
-17444 
-17392 
-17834 
-17341 
-16445 
-16829 
-17364 
-18127 
-17613 
-17446 
-17824 
-18257 
-18982 
-18611 
-18307 
-18131 
-17984 
-18091 
-17413 
-16765 
-16540 
-17041 
-16849 
-15976 
-15320 
-14587 
-14817 
-14793 
-14001 
-12966 
-12731 
-12885 
-12616 
-12936 
-12116 
-11577 
-10859 
-10865 
-11203 
-11708 
-10267 
-9699 
-8448 
-9850 
-10397 
-10636 
-10470 
-10533 
-11374 
-12393 
-12920 
-12520 
-12483 
-12837 
-13915 
-14853 
-15237 
-15048 
-15224 
-15704 
-16915 
-17734 
-17783 
-17630 
-18143 
-17353 
-17596 
-17077 
-17608 
-18427 
-18618 
-18184 
-18042 
-18074 
-17952 
-18112 
-17816 
-17935 
-18139 
-18244 
-17987 
-17636 
-17542 
-17228 
